"use strict";(self.webpackChunkeasifem_docs=self.webpackChunkeasifem_docs||[]).push([[30488],{39156:(e,a,n)=>{n.r(a),n.d(a,{assets:()=>o,contentTitle:()=>l,default:()=>d,frontMatter:()=>c,metadata:()=>t,toc:()=>p});const t=JSON.parse('{"id":"Lapack95/Lapack95_test_14","title":"Lapack95 example 14","description":"This example shows the use of SymSolve method defined in Lapack95.","source":"@site/docs/docs-api/Lapack95/Lapack95_test_14.md","sourceDirName":"Lapack95","slug":"/Lapack95/Lapack95_test_14","permalink":"/docs-api/Lapack95/Lapack95_test_14","draft":false,"unlisted":false,"editUrl":"https://github.com/easifem/easifem.github.io/tree/main/docs/docs-api/Lapack95/Lapack95_test_14.md","tags":[{"inline":true,"label":"Examples","permalink":"/docs-api/tags/examples"},{"inline":true,"label":"Lapack95","permalink":"/docs-api/tags/lapack-95"},{"inline":true,"label":"matrix","permalink":"/docs-api/tags/matrix"},{"inline":true,"label":"SymSolve","permalink":"/docs-api/tags/sym-solve"}],"version":"current","lastUpdatedAt":1724304782000,"frontMatter":{"title":"Lapack95 example 14","date":"2022-12-20T00:00:00.000Z","update":"2022-12-20T00:00:00.000Z","status":"none","docs":"none","extpkgs":"none","category":["Examples","Lapack95","Matrix"],"tags":["Examples","Lapack95","matrix","SymSolve"]},"sidebar":"tutorialSidebar","previous":{"title":"Lapack95 example 13","permalink":"/docs-api/Lapack95/Lapack95_test_13"},"next":{"title":"Lapack95 example 15","permalink":"/docs-api/Lapack95/Lapack95_test_15"}}');var s=n(23420),i=n(54213);const c={title:"Lapack95 example 14",date:new Date("2022-12-20T00:00:00.000Z"),update:new Date("2022-12-20T00:00:00.000Z"),status:"none",docs:"none",extpkgs:"none",category:["Examples","Lapack95","Matrix"],tags:["Examples","Lapack95","matrix","SymSolve"]},l=void 0,o={},p=[];function r(e){const a={code:"code",li:"li",p:"p",pre:"pre",ul:"ul",...(0,i.R)(),...e.components};return(0,s.jsxs)(s.Fragment,{children:[(0,s.jsxs)(a.p,{children:["This example shows the use of ",(0,s.jsx)(a.code,{children:"SymSolve"})," method defined in Lapack95."]}),"\n",(0,s.jsxs)(a.ul,{children:["\n",(0,s.jsx)(a.li,{children:"We preserve A, when passing to symSolve"}),"\n",(0,s.jsx)(a.li,{children:"In this example there is only one rhs"}),"\n",(0,s.jsx)(a.li,{children:"The result is obtained in x, not in rhs"}),"\n",(0,s.jsx)(a.li,{children:'uplo = "U"'}),"\n"]}),"\n",(0,s.jsx)(a.pre,{children:(0,s.jsx)(a.code,{className:"language-fortran",children:'program main\nuse easifemBase\nimplicit none\nreal(dfp), allocatable :: A(:,:), RHS(:), X(:), xexact( : )\nreal(dfp) :: error\ninteger(i4b) :: info\ninteger(i4b), allocatable :: ipiv(:)\ncharacter(len=1) :: uplo\n\nallocate(A(10,10),  RHS(10), X(10), xexact(10), ipiv(10))\nCALL RANDOM_NUMBER(A)\nA = A * 10\nA = Sym(A)\nCALL RANDOM_NUMBER(xexact)\nxexact = xexact * 10.0\nRHS = MATMUL( A, xexact )\n\nCALL Display( A, "A = " )\nCALL Display( xexact, "xexact = " )\nCALL Display( RHS, "RHS = " )\n\nuplo = "U"\n\nCALL SymSolve(A=A, preserveA=.TRUE., X=X, B=RHS, UPLO=uplo, IPIV=ipiv, INFO=info)\n\nIF( info .NE. 0 ) THEN\n  CALL Display( "Error occured in SymSolve, code = " // tostring(info) )\nEND IF\n\nCALL Display( X, " X = " )\nCALL Display( ipiv, "ipiv = ")\nCALL Display(MAXVAL(ABS(X - xexact ) ), "Error = ")\n\nend program main\n'})}),"\n",(0,s.jsx)(a.pre,{children:(0,s.jsx)(a.code,{className:"language-txt",children:"                                          A =\n----------------------------------------------------------------------------------------\n9.86162  5.33004  2.28513  2.96782  4.25222  9.27302  5.47377  4.96836  3.03017  4.98111\n5.33004  9.31661  3.37218  7.52843  4.26007  0.43418  4.76446  0.16881  1.81621  6.93537\n2.28513  3.37218  5.14456  3.03380  4.32844  2.62773  8.32263  3.99124  5.10083  5.45799\n2.96782  7.52843  3.03380  5.80883  6.38903  6.17802  5.89712  5.06155  6.03653  9.02908\n4.25222  4.26007  4.32844  6.38903  8.96956  7.44208  7.50062  3.08730  5.72935  3.65661\n9.27302  0.43418  2.62773  6.17802  7.44208  8.60312  2.97954  1.95409  5.36057  7.21267\n5.47377  4.76446  8.32263  5.89712  7.50062  2.97954  5.17103  6.69969  4.57285  7.22960\n4.96836  0.16881  3.99124  5.06155  3.08730  1.95409  6.69969  1.87655  5.12482  4.58572\n3.03017  1.81621  5.10083  6.03653  5.72935  5.36057  4.57285  5.12482  5.47498  4.96055\n4.98111  6.93537  5.45799  9.02908  3.65661  7.21267  7.22960  4.58572  4.96055  5.73067\n"})})]})}function d(e={}){const{wrapper:a}={...(0,i.R)(),...e.components};return a?(0,s.jsx)(a,{...e,children:(0,s.jsx)(r,{...e})}):r(e)}},54213:(e,a,n)=>{n.d(a,{R:()=>c,x:()=>l});var t=n(36672);const s={},i=t.createContext(s);function c(e){const a=t.useContext(i);return t.useMemo((function(){return"function"==typeof e?e(a):{...a,...e}}),[a,e])}function l(e){let a;return a=e.disableParentContext?"function"==typeof e.components?e.components(s):e.components||s:c(e.components),t.createElement(i.Provider,{value:a},e.children)}}}]);